$GNRMC,194950.000,A,4000.4465,N,10515.6994,W,0.00,0.00,140422,,,D,V*19
$GNGNS,194950.000,4000.4465,N,10515.6994,W,DDD,12,2.0,1641.6,-19.9,,,V*58
$GNGSA,A,3,03,06,14,17,19,,,,,,,,3.3,2.0,2.8,1*37
$GNGSA,A,3,73,82,83,,,,,,,,,,3.3,2.0,2.8,2*3F
$GNGSA,A,3,01,26,31,33,,,,,,,,,3.3,2.0,2.8,3*3C
$GPZDA,194950.000,14,04,2022,+00,00*7E
$GPGSV,4,1,14,19,75,347,47,28,63,083,44,17,59,037,47,06,54,170,45,1*64
$GPGSV,4,2,14,14,39,105,44,24,36,298,23,02,17,203,17,11,14,197,,1*64
$GPGSV,4,3,14,03,12,067,36,12,12,300,,01,07,036,24,13,04,222,21,1*63
$GPGSV,4,4,14,44,42,197,35,51,43,183,44,,,,,,,,,1*67
$GLGSV,2,1,07,83,84,314,34,73,65,329,34,80,59,138,,82,38,031,32,1*7E
$GLGSV,2,2,07,84,25,219,20,74,17,324,,79,02,140,,,,,,1*45
$GAGSV,2,1,07,31,81,018,44,33,72,093,46,12,40,197,,24,35,310,,7*72
$GAGSV,2,2,07,01,33,117,42,26,28,043,40,05,02,289,,,,,,7*4D
$PERDCRW,TPS1,20220414194950,2,00000000000000,+18,+18,2,-0053.525,+2822*1A
$PERDCRX,TPS2,1,1,0,500,+000000,0,1,0014,+1.582,0000,08701184,+000000*0A
$PERDCRY,TPS3,1,0012,000,001255,000000,0,0,00,0x10000300,0x00000804*0C
$PERDCRZ,TPS4,3,0,00,01,+000000001,+00000,0000,0001089,003600,+000000*1A
$GNRMC,194951.000,A,4000.4465,N,10515.6994,W,0.00,0.00,140422,,,D,V*18
$GNGNS,194951.000,4000.4465,N,10515.6994,W,DDD,12,2.0,1641.6,-19.9,,,V*59
